0 1309.9 1543.7 538.46 1193.2 769.21 1011.6 532.61 1054.2 1617 712.5 728.9 890.33 366.2 0 2604.5 415.62 1071.3 360.96 1673.5
1309.9 0 1105.2 1307.4 1441.7 1427 776.57 1161.7 2321.7 1237.1 871.76 1552.2 1035.1 1493.1 0 2182.4 1099.4 750.89 951.6 527.06
1543.7 1105.2 0 1131.8 693.89 1045 562.08 1048.1 2543.3 132.01 839.21 1213.3 670.26 1888.8 0 3281.7 1639.5 1671.5 1298 919.2
538.46 1307.4 1131.8 0 663.17 236.14 705.56 146.1 1420.6 1176.2 454 266.17 468.75 900.19 0 3012.1 863.79 1348.6 566.99 1532.4
1193.2 1441.7 693.89 663.17 0 468.92 665.61 670.05 2041.5 669.25 698.93 610.96 445.49 1558.7 0 3463.2 1455 1763.1 1107.5 826.18
769.21 1427 1045 236.14 468.92 0 730.26 325.61 1573.7 1064.5 557.68 169.13 449.05 1125.7 0 3230.9 1098.5 1550.6 789.33 1586.6
1011.6 776.57 562.08 705.56 665.61 730.26 0 580.94 2046.6 664.62 300.52 886.38 285.76 1341.1 0 2850.2 1077.5 1177.7 738.72 857.34
532.61 1161.7 1048.1 146.1 670.05 325.61 580.94 0 1495.5 1106.1 312.19 402.28 378.04 898.27 0 2905.7 796.03 1227.9 468.41 1392.4
1054.2 2321.7 2543.3 1420.6 2041.5 1573.7 2046.6 1495.5 0 2595.6 1746.6 1436.8 1873.1 843.68 0 2988.6 1247.5 1896.7 1401.6 2718.4
1617 1237.1 132.01 1176.2 669.25 1064.5 664.62 1106.1 2595.6 0 924.96 1229.8 729.98 1969 0 3413 1737.7 1795.2 1390.7 1041.2
712.5 871.76 839.21 454 698.93 557.68 300.52 312.19 1746.6 924.96 0 683.74 260.18 1049.9 0 2766.8 822.6 1069.4 469.11 1080.3
728.9 1552.2 1213.3 266.17 610.96 169.13 886.38 402.28 1436.8 1229.8 683.74 0 610.76 1064.7 0 3268.8 1099.4 1612.3 826.61 1738.7
890.33 1035.1 670.26 468.75 445.49 449.05 285.76 378.04 1873.1 729.98 260.18 610.76 0 1248.4 0 3017.9 1066 1320.2 710.26 1142.5
366.2 1493.1 1888.8 900.19 1558.7 1125.7 1341.1 898.27 843.68 1969 1049.9 1064.7 1248.4 0 0 2417.2 406.24 1083.6 617.5 1910.3
0 0 0 0 0 0 0 0 0 0 0 0 0 0 0 0 0 0 0 0
2604.5 2182.4 3281.7 3012.1 3463.2 3230.9 2850.2 2905.7 2988.6 3413 2766.8 3268.8 3017.9 2417.2 0 0 2191.9 1713 2445.1 2539.1
415.62 1099.4 1639.5 863.79 1455 1098.5 1077.5 796.03 1247.5 1737.7 822.6 1099.4 1066 406.24 0 2191.9 0 710.38 355.78 1534.4
1071.3 750.89 1671.5 1348.6 1763.1 1550.6 1177.7 1227.9 1896.7 1795.2 1069.4 1612.3 1320.2 1083.6 0 1713 710.38 0 804.42 1214.5
360.96 951.6 1298 566.99 1107.5 789.33 738.72 468.41 1401.6 1390.7 469.11 826.61 710.26 617.5 0 2445.1 355.78 804.42 0 1319.7
1673.5 527.06 919.2 1532.4 826.18 1586.6 857.34 1392.4 2718.4 1041.2 1080.3 1738.7 1142.5 1910.3 0 2539.1 1534.4 1214.5 1319.7 0
